9,gini,3,65,0.949337,0.001314,96.7
9,gini,3,70,0.949439,0.001530,197.9
9,gini,3,75,0.949281,0.001399,304.4
9,gini,3,80,0.949455,0.001499,417.4
12,gini,3,65,0.949242,0.001531,530.4
12,gini,3,70,0.949384,0.001379,652.3
12,gini,3,75,0.949557,0.001546,777.7
12,gini,3,80,0.949786,0.001686,910.4
20,gini,3,65,0.949321,0.001327,1074.1
20,gini,3,70,0.949739,0.001334,1245.9
20,gini,3,75,0.949676,0.001565,1427.9
20,gini,3,80,0.949691,0.001576,1620.3
25,gini,3,65,0.949179,0.001381,1813.2
25,gini,3,70,0.949297,0.001617,2019.5
25,gini,3,75,0.949825,0.001310,2236.4
25,gini,3,80,0.949739,0.001323,2463.5
9,entropy,3,65,0.949415,0.001898,2567.6
9,entropy,3,70,0.949486,0.001556,2678.5
9,entropy,3,75,0.949408,0.001545,2795.5
9,entropy,3,80,0.949494,0.001455,2920.1
12,entropy,3,65,0.949865,0.001794,3043.2
12,entropy,3,70,0.949699,0.001653,3174.8
12,entropy,3,75,0.949549,0.001550,3312.1
12,entropy,3,80,0.949557,0.001392,3457.3
20,entropy,3,65,0.949754,0.001479,3632.8
20,entropy,3,70,0.949731,0.001753,3821.1
20,entropy,3,75,0.949739,0.001591,4019.2
20,entropy,3,80,0.949865,0.001463,4229.2
25,entropy,3,65,0.949344,0.001474,4434.1
25,entropy,3,70,0.949770,0.001639,4656.7
25,entropy,3,75,0.949526,0.002008,4892.5
25,entropy,3,80,0.949762,0.001768,5141.6
9,gini,1,65,0.947381,0.001946,5172.3
9,gini,1,70,0.947295,0.001662,5204.7
9,gini,1,75,0.947255,0.001657,5239.9
9,gini,1,80,0.947460,0.001815,5275.5
12,gini,1,65,0.947042,0.001398,5312.0
12,gini,1,70,0.947594,0.001785,5350.5
12,gini,1,75,0.947074,0.001336,5392.8
12,gini,1,80,0.947555,0.001514,5436.0
20,gini,1,65,0.946293,0.001688,5488.9
20,gini,1,70,0.946640,0.001686,5545.9
20,gini,1,75,0.946632,0.001661,5607.1
20,gini,1,80,0.946443,0.001292,5670.6
25,gini,1,65,0.945820,0.001323,5733.8
25,gini,1,70,0.946475,0.001073,5801.6
25,gini,1,75,0.946159,0.001553,5874.3
25,gini,1,80,0.946364,0.001449,5949.8
9,entropy,1,65,0.947602,0.001591,5983.1
9,entropy,1,70,0.947263,0.001422,6018.6
9,entropy,1,75,0.947468,0.001651,6054.3
9,entropy,1,80,0.947570,0.001686,6092.3
12,entropy,1,65,0.947468,0.001267,6129.9
12,entropy,1,70,0.947902,0.001620,6170.0
12,entropy,1,75,0.947586,0.001479,6213.4
12,entropy,1,80,0.947468,0.001396,6258.1
20,entropy,1,65,0.946940,0.001608,6310.1
20,entropy,1,70,0.947090,0.001400,6366.4
20,entropy,1,75,0.947421,0.001468,6426.2
20,entropy,1,80,0.947358,0.001391,6491.7
25,entropy,1,65,0.946932,0.001515,6553.3
9,gini,1,65,0.947381,0.001946,5172.3
9,gini,1,70,0.947295,0.001662,5204.7
9,gini,1,75,0.947255,0.001657,5239.9
9,gini,1,80,0.947460,0.001815,5275.5
12,gini,1,65,0.947042,0.001398,5312.0
12,gini,1,70,0.947594,0.001785,5350.5
12,gini,1,75,0.947074,0.001336,5392.8
12,gini,1,80,0.947555,0.001514,5436.0
20,gini,1,65,0.946293,0.001688,5488.9
20,gini,1,70,0.946640,0.001686,5545.9
20,gini,1,75,0.946632,0.001661,5607.1
20,gini,1,80,0.946443,0.001292,5670.6
25,gini,1,65,0.945820,0.001323,5733.8
25,gini,1,70,0.946475,0.001073,5801.6
25,gini,1,75,0.946159,0.001553,5874.3
25,gini,1,80,0.946364,0.001449,5949.8
9,entropy,1,65,0.947602,0.001591,5983.1
9,entropy,1,70,0.947263,0.001422,6018.6
9,entropy,1,75,0.947468,0.001651,6054.3
9,entropy,1,80,0.947570,0.001686,6092.3
12,entropy,1,65,0.947468,0.001267,6129.9
12,entropy,1,70,0.947902,0.001620,6170.0
12,entropy,1,75,0.947586,0.001479,6213.4
12,entropy,1,80,0.947468,0.001396,6258.1
20,entropy,1,65,0.946940,0.001608,6310.1
20,entropy,1,70,0.947090,0.001400,6366.4
20,entropy,1,75,0.947421,0.001468,6426.2
20,entropy,1,80,0.947358,0.001391,6491.7
25,entropy,1,65,0.946932,0.001515,6553.3
25,entropy,1,70,0.947066,0.001188,6620.4
25,entropy,1,75,0.946680,0.001358,6693.1
25,entropy,1,80,0.946932,0.001811,6767.9
9,gini,4,65,0.949376,0.001733,6894.7
9,gini,4,70,0.949061,0.001610,7029.9
9,gini,4,75,0.949210,0.001815,7171.3
9,gini,4,80,0.949329,0.001494,7321.2
12,gini,4,65,0.949478,0.001821,7472.9

